,a/brisbane/10/2007,a/fujian/411/2002,a/indiana/8/2011,a/moscow/10/1999,a/perth/16/2009,a/swine/arkansas/a01840240/2014,a/swine/california/a01459016/2015,a/swine/illinois/a00843193/2014,a/swine/illinois/a01201606/2011,a/swine/illinois/a01241066/2012,a/swine/illinois/a01241469/2012,a/swine/illinois/a01327868/2012,a/swine/illinois/a01327903/2012,a/swine/illinois/a01462475/2015,a/swine/illinois/a01475273/2014,a/swine/illinois/a01475803/2014,a/swine/illinois/a01489882/2015,a/swine/illinois/a01493027/2014,a/swine/illinois/a01502036/2014,a/swine/illinois/a01503899/2014,a/swine/illinois/a01555180/2014,a/swine/illinois/a01555638/2015,a/swine/illinois/a01728585/2015,a/swine/illinois/a01840351/2015,a/swine/illinois/a02076652/2015,a/swine/indiana/a00968373/2012,a/swine/indiana/a01202866/2011,a/swine/indiana/a01260268/2013,a/swine/indiana/a01260466/2014,a/swine/indiana/a01260591/2014,a/swine/indiana/a01729045/2016,a/swine/indiana/a01812162/2016,a/swine/iowa/a01049750/2011,a/swine/iowa/a01202613/2011,a/swine/iowa/a01202889/2011,a/swine/iowa/a01203121/2012,a/swine/iowa/a01203196/2012,a/swine/iowa/a01290671/2013,a/swine/iowa/a01300195/2012,a/swine/iowa/a01432500/2013,a/swine/iowa/a01432770/2013,a/swine/iowa/a01432826/2013,a/swine/iowa/a01480656/2014,a/swine/iowa/a01501685/2014,a/swine/iowa/a01729543/2016,a/swine/iowa/a01730108/2016,a/swine/iowa/a01733626/2016,a/swine/michigan/a01203498/2012,a/swine/michigan/a01259000/2012,a/swine/michigan/a01432375/2013,a/swine/minnesota/a01049936/2011,a/swine/minnesota/a01125993/2012,a/swine/minnesota/a01277201/2012,a/swine/minnesota/a01280592/2013,a/swine/minnesota/a01300213/2012,a/swine/minnesota/a01327922/2012,a/swine/minnesota/a01365586/2013,a/swine/minnesota/a01366992/2014,a/swine/minnesota/a01432544/2013,a/swine/minnesota/a01471950/2015,a/swine/minnesota/a01480518/2014,a/swine/minnesota/a01847477/2015,a/swine/missouri/a01410819/2014,a/swine/missouri/a01476459/2012,a/swine/nebraska/a01241171/2012,a/swine/nebraska/a01271549/2012,a/swine/nebraska/a01478775/2015,a/swine/nebraska/a01493501/2014,a/swine/nebraska/a01567651/2015,a/swine/north_carolina/a01410118/2014,a/swine/north_carolina/a01410709/2014,a/swine/north_carolina/a01432566/2013,a/swine/north_carolina/a01476722/2014,a/swine/north_carolina/a01730588/2016,a/swine/north_carolina/a01732564/2016,a/swine/oklahoma/a01776961/2016,a/swine/pennsylvania/a01076777/2010,a/swine/texas/4199-1/1998,a/swine/texas/a01049914/2011,a/swine/wyoming/a01381202/2013,a/swine/wyoming/a01397400/2013,a/swine/wyoming/a01444562/2013,a/swine/wyoming/a01444566/2013,a/swine/wyoming/a01445305/2013,a/sydney/5/1997,a/turkey/ohio/313053/2004,a/victoria/361/2011,a/wisconsin/67/2005,a/wuhan/359/1995,a/swine/iowa/10980/2019|h3n2|ia|2019-02-12|cluster_iva_Random Forest,a/swine/iowa/14739/2019|h3n2|ia|2019-02-25|cluster_iva_Random Forest,a/swine/iowa/22754/2019|h3n2|ia|2019-03-25|cluster_iva_Random Forest,a/swine/iowa/26753/2019|h3n2|ia|2019-04-08|cluster_iva_Random Forest,a/swine/iowa/28744/2019|h3n2|ia|2019-04-15|cluster_iva_Random Forest,a/swine/iowa/32524/2019|h3n2|ia|2019-04-29|2010.1_Random Forest,a/swine/iowa/7190/2019|h3n2|ia|2019-01-28|cluster_iva_Random Forest,a/swine/kansas/10948/2019|h3n2|ks|2019-02-11|cluster_iva_Random Forest,a/swine/nebraska/14763/2019|h3n2|ne|2019-02-25|cluster_iva_Random Forest,a/swine/nebraska/23072/2019|h3n2|ne|2019-03-26|cluster_iva_Random Forest,a/swine/nebraska/24808/2019|h3n2|ne|2019-04-01|cluster_iva_Random Forest,a/swine/nebraska/27508/2019|h3n2|ne|2019-04-10|cluster_iva_Random Forest,a/swine/nebraska/28001/2019|h3n2|ne|2019-04-11|cluster_iva_Random Forest,a/swine/oklahoma/26250/2019|h3n2|ok|2019-04-05|cluster_iva_Random Forest,a/swine/south_dakota/32322/2019|h3n2|sd|2019-04-26|cluster_iva_Random Forest,a/swine/iowa/10980/2019|h3n2|ia|2019-02-12|cluster_iva_AdaBoosted,a/swine/iowa/14739/2019|h3n2|ia|2019-02-25|cluster_iva_AdaBoosted,a/swine/iowa/22754/2019|h3n2|ia|2019-03-25|cluster_iva_AdaBoosted,a/swine/iowa/26753/2019|h3n2|ia|2019-04-08|cluster_iva_AdaBoosted,a/swine/iowa/28744/2019|h3n2|ia|2019-04-15|cluster_iva_AdaBoosted,a/swine/iowa/32524/2019|h3n2|ia|2019-04-29|2010.1_AdaBoosted,a/swine/iowa/7190/2019|h3n2|ia|2019-01-28|cluster_iva_AdaBoosted,a/swine/kansas/10948/2019|h3n2|ks|2019-02-11|cluster_iva_AdaBoosted,a/swine/nebraska/14763/2019|h3n2|ne|2019-02-25|cluster_iva_AdaBoosted,a/swine/nebraska/23072/2019|h3n2|ne|2019-03-26|cluster_iva_AdaBoosted,a/swine/nebraska/24808/2019|h3n2|ne|2019-04-01|cluster_iva_AdaBoosted,a/swine/nebraska/27508/2019|h3n2|ne|2019-04-10|cluster_iva_AdaBoosted,a/swine/nebraska/28001/2019|h3n2|ne|2019-04-11|cluster_iva_AdaBoosted,a/swine/oklahoma/26250/2019|h3n2|ok|2019-04-05|cluster_iva_AdaBoosted,a/swine/south_dakota/32322/2019|h3n2|sd|2019-04-26|cluster_iva_AdaBoosted
a/brisbane/10/2007,0.0,1.83273017,9.851075841,6.4375049010000005,4.098758655,8.044717381,7.970581046,9.121244031,9.361869514,9.787106763999999,9.763915597,11.76234673,9.201371298,10.72410679,8.076988842,7.695655288999999,7.787352867,11.58981241,8.081310407,8.628529147,9.15091389,10.63573809,11.18815883,11.21084456,8.942372831,8.710244300000001,9.56751004,10.57452827,9.117193257,8.23416146,6.649053837,7.792764861,9.323874064,8.906941818,9.802436086,10.12183449,9.606951081,8.118723491,7.599304269,8.355819577,8.320140634,8.850439277000001,9.28568045,8.757251764,10.58332043,7.352986146,8.686355269,10.15185861,10.15197684,9.658109018,11.6017829,8.462270847000001,10.13618038,8.658026066,9.555346755,8.526129001000001,6.812926577000001,8.126394154,8.557590471000001,10.89420275,9.111217469,8.365918182,3.7525358619999998,3.018692047,10.25420387,9.308166194,10.06412487,9.630964857999999,9.395488835,9.170248767999999,8.909383316,7.7443680520000004,9.731692688999999,10.69251071,7.264929651,10.79951742,9.574163077,9.558596088,9.797807635,8.619701004,7.736350026,7.828035132999999,8.163255318,8.151208698,6.800651257999999,10.64842921,3.958826855,1.680797242,7.990090466,9.555167699808004,6.593212471618007,9.920281704275997,9.449061315274006,8.663897621448013,2.970839924355197,9.555167699808004,9.449061315274006,8.65945762807801,9.985407394616008,9.985407394616008,9.985407394616008,9.985407394616008,9.999687187167996,9.956074259829995,9.731692688999999,7.2180697610000015,10.58332043,9.802436086,9.117193256999998,3.018692047,9.731692688999999,9.802436086,9.117193256999998,10.151901602727273,10.151901602727273,10.151901602727273,10.151901602727273,10.583320430000008,10.12183449
a/fujian/411/2002,1.83273017,0.0,8.872474429,5.069710133,4.232587983,7.277292307000001,7.218542533,7.715721427,8.736602554,8.349602611,8.550866762,10.15562251,8.028598599,9.104606693,6.692450107999999,6.1090605060000005,6.2401387779999995,10.01717283,6.4396927360000005,7.391805405,8.324075144,9.619168854,9.546231375,9.973459838,8.114491347000001,7.531405257,8.147984167,8.963911934,7.768643915,7.528448262,5.124815439,6.312580111,7.876468768,7.799023903999999,8.859838497,8.654956091,8.06965863,7.228620642999999,6.8128075820000005,6.601117082000001,7.604674085,8.023651862000001,7.748025861,7.325371795,9.071425218,5.833879719,7.707474111,8.882238097,8.982463779,8.265411011,10.21298272,7.489342483,8.789759185,7.695836027,8.810749063,7.779929927,5.326637568,7.091556993999999,7.687135802999999,9.65676111,8.163047287000001,7.6898529270000004,2.298810174,2.404677796,8.810957846,7.616910454,8.551634697,8.622769475,8.404982748,7.669863249,7.455977272,5.97763863,8.20188537,9.643630792,5.815334031,9.660687552999999,8.486341972,7.767849738,8.340658407000001,7.448807771,6.765746287000001,6.670664107,6.794656371,6.810390121,5.147636886,9.35187825,4.218274064,1.433903201,6.2176867179999995,8.485968537748517,6.381953261384012,8.526849150560517,8.192043459200002,7.361790748300009,3.3024013249379944,8.485968537748517,8.192043459200002,7.4530954254040065,8.543108640529992,8.537258980253991,8.543108640529992,8.543108640529992,8.547107015604016,8.638654243107997,8.982463779,6.769968681,9.071425218,8.474732562,7.669863249,2.879539579,8.982463779,8.474732562,7.669863249,8.551634697,8.551634697,8.551634697,8.551634697,8.982463779,8.622769475
a/indiana/8/2011,9.851075841,8.872474429,0.0,6.48134602,6.83514811,2.24044752,2.400567029,3.159747688,2.766873145,3.595827866,1.5774549619999998,5.6310309279999995,3.215325685,6.034724421,3.8707077869999997,8.349013692,5.786181472000001,6.05492861,5.8915872,2.76959464,1.333857543,1.273398671,6.495648912999999,2.47730208,1.6731638530000001,2.603824036,7.59956185,5.384871261,3.0739318160000004,2.257257426,7.464327589,8.694403957999999,3.666875713,1.26501614,0.703473383,3.6480428110000003,7.7886439439999995,2.2850166830000003,3.4947378039999997,6.750184402,1.98204337,1.6998743809999999,3.9304898219999997,3.266159358,4.343362009,8.286668903999999,1.4739348680000002,2.243237356,1.277554475,6.866611881,3.714656997,2.1240097540000002,4.005213951,3.4372810210000004,1.698472988,2.107368205,7.97203779,1.918889448,2.916026647,3.3570741710000003,1.822814203,2.089871034,7.257824205,7.693006211,5.282702947,7.340575159,4.282828299999999,1.938301539,1.682097692,3.616942325,3.3825100480000003,6.698864727999999,4.245835726,1.062372963,8.483602167,1.649754795,2.073576184,7.049921648,3.7822548210000004,1.817627993,2.17148729,2.775028397,3.588300556,3.509733093,7.469656281000001,2.248531124,7.4078998810000005,8.301841987000001,6.952767162000001,1.7332622309708594,3.2801752111340017,1.862555236452858,3.2421283417533364,4.712385082711671,7.110576735865995,1.7332622309708594,3.2421283417533364,4.698765452919672,1.697721094264855,1.827615873804856,1.697721094264855,1.697721094264855,1.8286243169628575,2.0107242450259992,1.649754795,2.9293695,1.680797242,2.5027223640000003,4.057227889,7.257824205,1.649754795,2.5027223640000003,4.133683914,1.6065765680000001,1.6075221380000002,1.6065765680000001,1.6065765680000001,1.6497547950000002,1.8893448519999998
a/moscow/10/1999,6.4375049010000005,5.069710133,6.48134602,0.0,6.609136529,6.182874675,6.259469581,4.263333417,7.9400540379999995,6.242505513999999,6.071201551000001,6.206634317000001,4.05485397,4.801335123,5.470703605,6.953245617,5.8402108010000005,5.570777347000001,5.502691706,5.900747197,5.962564179,6.587696386,5.248610231000001,6.4510731439999995,5.6204502970000005,6.133986749,8.467246953,4.932671891,4.104498373,6.452053172,6.250563424,7.57611157,5.897754045,5.43212833,6.855559386,6.2190850189999995,8.085960321,6.187367086,6.685417632,3.372472526,6.04926308,6.682694569,4.639299812,4.157451184,5.120987543,7.0212403420000005,5.134142716,5.449836795,6.396205598,8.303689573,6.36659103,4.623892507,4.438678045,7.247726824,7.359579684,6.6825687270000005,6.714719037999999,4.681625081,7.078676852999999,5.557861873999999,5.179411746,6.171639712,4.828915469,5.946431016,4.103009066,3.566740048,4.595434773,5.327554412,5.315338939,4.6585585830000005,4.237618797,4.794476193,4.399708733,7.226619887999999,7.302769248,6.440593249,6.932966577,5.5151900629999995,6.26111419,4.776838266,5.227448346,3.712226602,3.184437198,3.191732937,1.886835425,6.453182035,7.1105191020000005,4.918823688,5.0989978339999995,5.496272699651993,4.266986894226002,5.493072357053991,5.263005955488001,4.801275751159997,5.56518313076272,5.496272699651993,5.263005955488001,4.709817879781996,5.655307947828004,5.6481137527760055,5.655307947828004,5.655307947828004,5.572221545581993,5.945559790736008,6.0712015510000015,4.585080427,6.0712015510000015,5.120987543,4.794476193,5.946431016,6.0712015510000015,5.120987543,4.794476193,6.133986749,6.133986749,6.133986749,6.133986749,6.133986749,6.396205598
a/perth/16/2009,4.098758655,4.232587983,6.83514811,6.609136529,0.0,4.682861494,4.563739451,7.33535191,5.607023043,7.5858942439999995,7.103263322999999,10.40970312,7.409867658,9.874851587,5.930907186000001,7.4542710660000004,6.410241047,10.53549875,6.947462849,6.0048730070000005,6.18032445,7.83931477,10.40408358,8.806904862,6.109860916000001,5.933303745,8.125381578999999,9.459116303,7.329967196,4.776651975,6.101106703999999,7.479644167999999,7.203134414,6.203621077,6.608884259,8.003183242,8.486144754,4.865945991999999,4.1609039910000005,8.258544869,5.070452488,5.472450071,7.682667044,6.99331404,9.054506839,7.035643455,6.013840338,7.905377441000001,7.394451866,7.887519794,9.574239915,6.037103561,8.601285049,5.434623246,6.040498727999999,5.052129399,6.415253037,5.572068645,5.159700885,8.912113037000001,6.570697357999999,5.075311424,3.7410467780000003,2.531401579,9.234173393999999,9.366043068,8.625569526,7.187376737999999,6.862643833,7.441746926,7.1834297000000005,7.310390704,8.318467126,7.640594403,6.944052067,8.17855086,6.515607592,9.047507388,7.653596918,6.199253804,4.836889318,5.792091254,6.645268827000001,6.594951936,7.476107961,8.147110814,0.7339500290000001,3.361017344,7.600612977000001,7.434657460074023,5.966106251558005,7.468689571572022,7.430606229388014,6.962582622896005,2.702318400023197,7.434657460074023,7.430606229388014,6.961475615000002,7.665124915970027,7.646131956854028,7.665124915970027,7.665124915970027,7.559899130294024,7.661610054528014,7.640594403000001,6.13478026,7.682667044,7.394451866,7.441746926,2.488965523,7.640594403000001,7.394451866,7.409867658,7.861057002000001,7.83931477,7.861057002000001,7.861057002000001,7.682667044,7.83931477
a/swine/arkansas/a01840240/2014,8.044717381,7.277292307000001,2.24044752,6.182874675,4.682861494,0.0,0.187564648,4.08351287,1.7658909,4.21774577,2.8806591860000004,7.074824344,4.239674024,7.147732323,3.4710688739999997,7.534777603999999,5.1860433960000005,7.45187052,5.543205716,2.6066688890000003,2.01680767,3.399872975,7.662380081,4.538048686000001,2.213180914,2.370833203,7.044176579,6.52755941,4.0638396839999995,0.364836971,6.409083849,7.764453716,4.061884409,2.041206605,1.935432775,4.524522885,7.378601249,0.766704657,1.630094911,6.923552873999999,0.967006017,0.847911746,4.6841689419999994,3.923734525,5.700931884,7.333495567999999,2.071479996,3.9176028360000004,2.986798976,6.39637082,5.584605333,2.576502638,5.342970675,2.416546867,1.533938034,0.5434630220000001,6.895398358,1.958173125,1.671809233,5.115714366000001,2.7899174589999998,1.085888725,5.703235852000001,5.79520758,6.438017677,7.8165087820000005,5.4643219279999995,3.3206467230000003,2.9459091269999997,4.350225925,4.104050601,6.377322388,5.27755449,2.9985257260000004,7.438564164,3.786900992,2.36380761,7.327375609,4.370554572,2.450134673,1.093756768,2.894361656,4.017937363,3.941155308,7.207127965,3.929695484,5.228411989,6.62468762,6.663712112000001,3.033773129988389,3.992997447094007,3.0416529086823867,3.8779919655200015,5.199247265026004,6.013761855979495,3.033773129988389,3.8779919655200015,5.180314801966004,3.2819636786440096,3.2652372365940088,3.2819636786440096,3.2819636786440096,3.018481987505724,3.2530757120360065,2.9985257260000004,3.6494180939999996,2.9985257260000004,3.4710688739999997,4.783041549,5.79520758,2.9985257260000004,3.4710688739999997,4.674181226,2.9985257260000004,2.9985257260000004,2.9985257260000004,2.9985257260000004,2.9985257260000004,2.9985257260000004
a/swine/california/a01459016/2015,7.970581046,7.218542533,2.400567029,6.259469581,4.563739451,0.187564648,0.0,4.209966937,1.714772639,4.264520813,2.995662034,7.197680701,4.406577264,7.271062069,3.462875752,7.471807697999999,5.145638975,7.590141922999999,5.528464546,2.622813767,2.201344287,3.5747228960000004,7.7852108079999995,4.699542243,2.396687406,2.380072655,6.969720252999999,6.646508101,4.205439269,0.417728768,6.334473353,7.685365739,4.100116693,2.185288345,2.061760354,4.590218415,7.323330219,0.735273805,1.465720488,6.9879674320000005,1.124423908,0.920883825,4.776580238999999,4.032164805,5.833369293,7.258641186,2.251061467,4.074306946,3.115763207,6.3260357570000005,5.73497943,2.748452397,5.5026363,2.316850063,1.6065765680000001,0.5633832289999999,6.81454726,2.112086341,1.567667404,5.290906764,2.9744740239999996,1.2274701940000001,5.629168367999999,5.687939567999999,6.58583094,7.908594258,5.593462975,3.50626192,3.13146526,4.443544405,4.2119658310000005,6.378962102999999,5.397570377,3.124528784,7.353913953999999,3.9531186689999998,2.394310368,7.36558165,4.413713499,2.592998518,1.186441921,3.027606595,4.138598531,4.065784771000001,7.2625592,4.051534266,5.096015554,6.572410693999999,6.663379532,3.0651071016814537,4.071651153708,3.2132926305397405,3.928145349536004,5.220205504748004,6.031264472527495,3.0651071016814537,3.928145349536004,5.2080041077620045,3.3425816041600074,3.326465792332007,3.3425816041600074,3.3425816041600074,3.206609498153077,3.3207888373320014,3.115763207,3.6494180939999996,3.314012105,3.534529285,4.674181226,5.688541417000001,3.115763207,3.534529285,4.674181226,3.121097068,3.115763207,3.121097068,3.121097068,3.314012105,3.121097068
a/swine/illinois/a00843193/2014,9.121244031,7.715721427,3.159747688,4.263333417,7.33535191,4.08351287,4.209966937,0.0,5.39567768,2.625142872,2.193621865,3.199769564,1.98508558,3.0699141410000004,3.020732603,6.668678227999999,4.38535264,3.421288618,4.059501573,2.8563357999999996,3.513542648,3.17266228,3.580409478,2.523156091,3.414662836,3.086192509,6.663271715,2.46708249,0.5668623770000001,4.348091896000001,6.063751825,7.2299972320000006,2.5331768919999997,2.213123458,3.5705826060000003,2.412508495,6.446691284,3.822468536,4.783041549,3.720439996,4.042431496,4.020986377,1.213835049,0.5339869429999999,1.744038879,6.7824981079999995,2.6085351,1.480149427,2.484986622,6.145182991,2.500132573,2.602164423,1.8790215890000002,4.635034383,4.566351892,4.326571972,6.586058706,2.388130576,4.532639233,2.456213244,2.8095594310000003,4.221089655,6.174857403,7.218069761000001,2.671089967,4.205800291,1.40001797,2.660926496,2.653385468,1.051369381,0.52705256,4.347612698,1.21448712,3.458792426,7.102116554,2.661160215,3.522845748,4.3298110460000006,2.709961092,1.675753166,3.0971350789999996,1.897619348,1.164025604,1.236992795,4.781661595,2.2365026869999998,7.869466135,7.515602512999999,4.594936133,3.456072735592308,4.417969699868854,3.321605719456041,4.191111320933991,3.9147609443319977,6.901303955924,3.456072735592308,4.191111320933991,3.9096025804779972,3.7234521680739983,3.723462877127998,3.7234521680739983,3.7234521680739983,3.27545124664234,3.104080950159994,3.1957619538333337,3.575645517,3.104397301,3.937621867,3.325519192,7.066302649,3.1957619538333337,3.937621867,3.199769564,3.458792426,3.458792426,3.458792426,3.458792426,3.086192509,3.036921343
a/swine/illinois/a01201606/2011,9.361869514,8.736602554,2.766873145,7.9400540379999995,5.607023043,1.7658909,1.714772639,5.39567768,0.0,4.948431482,3.616315386,8.063297742,5.609596849,8.435410135,4.514481173,8.544080717,6.194345208,8.618741767000001,6.6454194410000005,3.487414602,2.940936705,3.91492803,8.91501299,5.189045695,3.299725734,3.145932738,7.527488032000001,7.742850551,5.415794452,1.5326701219999999,7.468709402000001,8.665250047,4.917348306,3.20081588,2.167865762,5.275833133,8.03004233,1.9291838590000001,2.212676393,8.446562119,2.175205338,1.3907962459999998,5.8973688410000005,5.276846469,6.819104024,8.311140924,3.3893449860000002,4.889105244,3.555476619,6.795022806,6.363749441,3.997113034,6.603335046000001,2.5117059630000003,1.118974317,1.2592922309999999,7.901452158,3.504198212,1.781956313,6.101341447,3.966351289,2.158231542,7.079520779,6.970865694,7.801899989,9.356934746,6.689992025,4.383333081,4.041730222,5.561336315,5.425772895,7.684307054,6.541853414,3.085275755,8.369878691,4.3836991780000005,2.5913351280000003,8.538239524,5.107817633,3.809293092,2.754225988,4.514836221,5.575744731,5.506087878,8.912273239,4.524670342,6.049924647999999,8.075479166000001,7.932212801,3.5674923501547453,4.136349591536281,3.607674615275507,4.090909370010118,5.9966279220659935,6.902539375263008,3.5674923501547453,4.090909370010118,5.932654205275995,3.3196888593607423,3.3561431157727424,3.3196888593607423,3.3196888593607423,3.5634487631773752,3.388770412682404,3.540881244,4.041730222,3.555476619,3.616315386,6.101341447,6.970865694,3.540881244,3.616315386,5.934635484,3.487414602,3.487414602,3.487414602,3.487414602,3.555476619,3.555476619
a/swine/illinois/a01241066/2012,9.787106763999999,8.349602611,3.595827866,6.242505513999999,7.5858942439999995,4.21774577,4.264520813,2.625142872,4.948431482,0.0,2.048028385,3.946498024,4.452304095,4.595754798,1.803340497,5.533696696,3.0674626289999996,4.949150878,2.959020981,1.72979626,4.556915503,4.153816173,4.942661903,3.56124517,4.695865559,1.977641005,4.561703382,3.7775995030000002,3.137982144,4.497464668,5.098409846,5.934635484,0.479156204,2.820283588,3.539900597,0.5624743560000001,4.52517532,3.5755419760000002,4.145363695,4.740339993,4.67467605,3.890670215,1.966725914,2.3503875219999997,3.257601679,5.6297890729999995,3.881392134,2.980705709,2.483587696,3.896897249,3.567077808,4.302629616,4.30406005,3.282708673,4.473067787,4.267942279,5.536578888999999,3.622679787,3.615418718,4.46484271,4.450545231,4.865574283,6.297530505,7.26957212,4.994591517,5.698411266,3.2234997310000004,4.426504715,4.27881286,1.816525855,2.294047082,3.982627431,2.9741783639999997,3.318124578,5.908745794,3.6030209369999997,2.398014847,3.998789177,0.188172687,2.8840439289999997,3.5212369839999997,3.7436962210000004,3.480454393,3.575426658,6.264062739,2.105103899,7.953756656,8.374662982,4.109072536,3.4556297371840046,3.5498689628220017,3.430560803628004,3.780889351099992,4.477463193914,7.085810212055999,3.4556297371840046,3.780889351099992,4.342247476883995,3.248894971793997,3.3108783158099975,3.248894971793997,3.248894971793997,3.1738551298800064,3.5641639891419987,3.6030209369999997,3.59190324,3.6030209369999997,3.741819923,3.859123948,7.276452024,3.6030209369999997,3.741819923,3.7074677869999997,3.318124578,3.3181245780000004,3.318124578,3.318124578,3.5595355385000005,3.355501788
a/swine/illinois/a01241469/2012,9.763915597,8.550866762,1.5774549619999998,6.071201551000001,7.103263322999999,2.8806591860000004,2.995662034,2.193621865,3.616315386,2.048028385,0.0,4.449173068,3.2124515739999997,4.980092528,2.706502056,7.126085505,4.549110599,5.108174805,4.555156164,1.7419815419999998,2.631488942,2.174677745,5.414516268,2.1925803719999997,2.8227825269999998,1.736703431,6.324314964,4.233296318,2.385550675,3.071684206,6.404350397000001,7.51278147,2.162452385,1.125999953,1.699846899,2.071522448,6.414069102999999,2.5026413180000002,3.5587973610000003,5.612152616,3.025654575,2.415975289,2.5837833409999997,2.191527999,3.282547223,7.133048136,2.135468397,1.663001462,0.5368063,5.609325642999999,2.960122396,2.6843624210000003,3.537214751,3.088755223,2.8145715960000004,2.864265495,6.900566996,2.166127188,2.929488567,3.231293385,2.638879945,3.1967550119999997,6.731359707999999,7.437879177999999,4.65346458,6.313931257,3.2406021380000003,2.618405591,2.43793137,2.278235865,2.251147057,5.409989472,3.132614176,1.494526309,7.37201143,1.823419084,1.54309169,5.596078916000001,2.233188411,1.486704264,2.3375014469999997,2.659686906,2.967363704,2.96369583,6.688649904,1.075057984,7.605617434,8.229599142,5.6273573820000005,1.7972197478268561,3.2794913181559964,1.8106947856948563,3.0220692656160013,4.697144353963672,6.9740349781080075,1.7972197478268561,3.0220692656160013,4.640023568423673,1.707425644422854,1.7238228089948548,1.707425644422854,1.707425644422854,1.7707316602948557,1.8603644027819968,1.649754795,2.914787089,1.649754795,2.431511726,4.133683914,7.066302649,1.649754795,2.431511726,4.218274064,1.649754795,1.591155568,1.649754795,1.649754795,1.649754795,1.727261925
a/swine/illinois/a01327868/2012,11.76234673,10.15562251,5.6310309279999995,6.206634317000001,10.40970312,7.074824344,7.197680701,3.199769564,8.063297742,3.946498024,4.449173068,0.0,4.35327402,1.7285903980000001,5.221692647,7.728968171,5.927801892000001,1.4418736380000001,5.297086963,5.274609528,6.313302682000001,5.205876764,1.700251335,3.636794974,6.266479215,5.531082931,7.530846674,1.291291125,3.425865632,7.315812912,7.670911144,8.364712704,4.112213736,5.070424348,6.035627336,3.4119086839999997,7.036492657,6.709442673,7.614968235,4.184972384,7.049901225,6.803338537999999,2.787906361,3.441217799,1.5259671369999999,8.047279,5.576653567,3.495986901,4.580008058,7.111594555,2.33183378,5.5859679820000006,3.023748482,7.0566363910000005,7.198264497,7.203141567,8.092679855,5.51533169,7.160157227000001,3.540881244,5.570423856000001,7.220273401,8.615976652,9.915527778,2.8471559760000003,3.98996352,1.930012343,5.153041948,5.301826376,3.031514804,3.2426132919999997,5.326084542,2.151236694,5.408373957999999,8.445148589,4.397868904,5.766800427000001,4.018274137,3.924485215,4.730218127,6.176852761,5.05399578,4.036638353,4.14184368,6.023442772999999,3.6641345189999996,10.8897222,10.22444552,5.390512441,5.163069802812012,5.296871698676007,5.151467222924009,5.295993256702014,4.087639050520003,8.650939424593993,5.163069802812012,5.295993256702014,3.8438419927080014,4.927117615532007,4.934519078704007,4.927117615532007,4.927117615532007,4.992634082992012,4.917509242870006,5.274609528,4.944868194,5.274609528,5.215728399,3.5628060460000004,8.615976652,5.274609528,5.215728399,3.449856964,5.205876764,5.205876764,5.205876764,5.205876764,5.079059453,5.188861311
a/swine/illinois/a01327903/2012,9.201371298,8.028598599,3.215325685,4.05485397,7.409867658,4.239674024,4.406577264,1.98508558,5.609596849,4.452304095,3.2124515739999997,4.35327402,0.0,3.9063861639999997,4.619472748,8.31292964,6.097832094,4.000722467,5.843077741,4.212009192,2.910044862,2.7754207789999996,4.41308148,2.6994636069999998,2.622519344,4.324782163,8.504583112,3.634892212,1.419624323,4.3982271630000005,7.554810236000001,8.870976332,4.378642232,2.719113176,3.8389671030000003,4.261945632,8.335559659,4.340287764,5.443233544,4.865179808,3.754093842,4.300731827,3.173706695,2.368907419,2.881144509,8.376184809,2.234707017,1.972429507,3.237573985,7.975800294,3.092849334,1.7739739630000002,1.4806310390000001,5.678693445,4.634862792,4.511395476000001,8.096460655,2.323629859,5.302845785,1.75856535,1.8312127809999998,3.869799819,6.921212892000001,7.751249583,2.528551663,4.933449707,2.605658107,1.5704781780000001,1.755306499,3.0342734360000003,2.457834525,5.968051936,2.677879209,3.860678657,8.669273486,2.644820292,4.536315552,6.0645649210000006,4.57049005,2.172310163,3.4401210360000003,1.7515412419999998,1.7217866259999999,1.591155568,5.234805474,3.345883389,8.053877716,7.5237338010000006,6.254748496,3.932585311516504,5.035307167654004,3.898444736164504,4.925812992061998,4.050244997852001,7.1293033256340035,3.932585311516504,4.925812992061998,4.0414587900060015,3.916731782438003,3.9323766327280025,3.916731782438003,3.916731782438003,3.883687819160503,3.7175964980179983,4.212009192,4.324782163,3.894909995,4.324782163000001,3.449856964,7.103263322999999,4.212009192,4.324782163000001,3.4281018010000004,3.99376584,3.89570883,3.99376584,3.99376584,3.860678657,3.5997154960000004
a/swine/illinois/a01462475/2015,10.72410679,9.104606693,6.034724421,4.801335123,9.874851587,7.147732323,7.271062069,3.0699141410000004,8.435410135,4.595754798,4.980092528,1.7285903980000001,3.9063861639999997,0.0,5.346243353,7.448082929,5.882069351,1.045942957,5.188268764,5.590276857999999,6.390639256,5.648244257000001,0.551709653,4.33308776,6.234051276000001,5.882295787,7.872423925,0.8411381259999999,3.175395505,7.414728642,7.331534625,8.152297981,4.585461241,5.259135011000001,6.499969062000001,4.164420925,7.297189498,6.8619694870000005,7.728515217000001,2.978624373,7.0617458310000005,7.075953671000001,2.8343892360000003,3.277609936,1.8074339590000001,7.767531807999999,5.543456482000001,3.8577998589999996,5.188861311,7.562482161,3.253403674,5.356765685,2.617874117,7.4413250820000005,7.57442651,7.395175687,7.768759383,5.374737842999999,7.484630556,3.683201726,5.486633753,7.230485343,7.859596563999999,9.233061988,1.7754723719999999,2.405831604,1.762306194,5.14180139,5.298719837,3.111069483,3.112016372,4.817202339,1.906554405,6.110511193,8.176924856,4.963192675,6.336787042999999,3.7044375560000002,4.571717286,4.732719981,6.132489335,4.636915639,3.417363557,3.52847512,4.555998233,4.483796056,10.36806989,9.196680747,4.928649942,5.6108163239460085,5.469020845830004,5.588619963344007,5.659312842044012,3.5689321679780037,8.320972047046004,5.6108163239460085,5.659312842044012,3.3897061822160066,5.545285288618006,5.530536470098003,5.545285288618006,5.545285288618006,5.44330769219801,5.389924176858012,5.3643492219999995,5.153041948,5.3643492219999995,5.590276857999999,3.3063337180000003,8.640022925,5.3643492219999995,5.590276857999999,3.199769564,5.590276857999999,5.590276857999999,5.590276857999999,5.590276857999999,5.153041948,5.274609528
a/swine/illinois/a01475273/2014,8.076988842,6.692450107999999,3.8707077869999997,5.470703605,5.930907186000001,3.4710688739999997,3.462875752,3.020732603,4.514481173,1.803340497,2.706502056,5.221692647,4.619472748,5.346243353,0.0,4.491153338,1.917803453,5.934843988,2.161782261,1.201269519,4.433531126,4.745723189,5.774779491,4.6447092869999995,4.516817231,1.505035422,4.031103921000001,4.645905922,3.456143136,3.8143370489999997,3.7110416230000003,4.842325915,1.366398301,2.798465208,3.708826297,2.271926641,4.110194868,2.795743874,2.987401306,4.51233344,4.123941255,3.482113135,2.574762246,2.538180123,4.269117979,4.449435725,3.701529093,3.777658335,3.2322730610000003,3.476526565,4.876437238,4.060674713,4.899261913,2.505549989,4.290533305,3.6784588080000002,4.199033029,3.200950948,2.877848695,5.265580808999999,4.439128113,4.316790523,4.573544257,5.477066027,5.529098461,5.754216125,4.014786567,4.65172905,4.408889432,2.3699164969999997,2.598761869,3.2544934569999997,3.658036035,4.009259596000001,4.672811166000001,4.443075213999999,2.5309826440000003,4.147905228,1.8129071490000002,2.789579536,2.7231780519999997,3.300101347,3.294354133,3.377985872,5.539828018,3.348668204,6.251198769,6.734787591,3.465596053,4.173323214594001,3.971321043034569,4.2662321448120055,3.4676077071640026,4.943483700083666,5.394612823197993,4.173323214594001,3.4676077071640026,4.937328008933666,3.9452047016940006,3.99259370976,3.9452047016940006,3.9452047016940006,4.199312924506002,4.114032102916002,4.358605658,4.057629042,4.443075213999999,3.539392772,4.645905922,5.477066027,4.358605658,3.539392772,4.645905922,4.0092595960000015,4.0092595960000015,4.0092595960000015,4.0092595960000015,4.439128113,4.0092595960000015
a/swine/illinois/a01475803/2014,7.695655288999999,6.1090605060000005,8.349013692,6.953245617,7.4542710660000004,7.534777603999999,7.471807697999999,6.668678227999999,8.544080717,5.533696696,7.126085505,7.728968171,8.31292964,7.448082929,4.491153338,0.0,2.589704314,8.358868359,2.694394968,5.660663308999999,8.746942425,9.159598057,7.696066195,8.778232756,8.748329551,5.9122597489999995,2.8121935839999996,7.039441105,7.127189883,7.8812156060000005,1.360619531,0.762649664,5.165515649,7.206710636,8.17816804,5.855959593,2.358477338,6.919946286,6.504590481,5.111246336000001,8.261015233,7.754919786,5.778072797,6.159177633,7.371660662000001,0.567461395,7.940129806,7.871209638,7.6575339510000004,3.369987213,8.546236882999999,8.105465877,8.293588779,6.187843063,8.601727663,7.81597053,1.116002374,7.327105765,6.782189338999999,9.110726697999999,8.620808622,8.437823522,4.266255328,5.47556981,8.284269101,6.5872138389999995,7.070804171,8.841401914,8.635384765,5.827171162000001,6.148944573,2.6885080360000004,6.666071937999999,8.471345428,0.966029887,8.770376361,6.882456811,4.081542369,5.3982828860000005,7.025026691,6.84281165,7.057368387,6.61535665,6.748583007000001,5.874596222,7.526438456,7.391354271,7.041266836,2.544160773,7.545534409032013,6.6117035504279995,7.582299607340016,6.659055581806,5.811357747994004,5.066427874121988,7.545534409032013,6.659055581806,5.840876507300003,7.225415238891998,7.251266446919996,7.225415238891998,7.225415238891998,7.517817599390013,7.874442183871998,7.736324056,6.711044009,8.101724531,7.193367311,6.586058706,4.266255328,7.736324056,7.193367311,6.586058706,7.22697324,7.22697324,7.22697324,7.22697324,7.948033087000001,8.349013692
a/swine/illinois/a01489882/2015,7.787352867,6.2401387779999995,5.786181472000001,5.8402108010000005,6.410241047,5.1860433960000005,5.145638975,4.38535264,6.194345208,3.0674626289999996,4.549110599,5.927801892000001,6.097832094,5.882069351,1.917803453,2.589704314,0.0,6.65861125,0.832804613,3.0875771739999998,6.288119924,6.6122640420000005,6.227059571,6.309912661,6.330500879,3.356661406,2.66899724,5.29105235,4.864858372,5.535093205,2.042515145,2.975232969,2.661782353,4.679979669,5.617286912999999,3.4594472130000002,2.5354403999999997,4.5247752530000005,4.345434339,4.242922768,5.893095954,5.299505194,3.578985874,3.8665679280000003,5.306045104,2.601657739,5.506563223,5.427474889,5.078389109,2.484275981,6.2520521979999994,5.762550833,6.174659888,3.890056345,6.127286111,5.428686592999999,2.4711942209999997,4.940882284,4.4435437,6.795939972,6.213014515,6.079797776,4.038441079,5.191984625,6.466285351000001,5.711087094,5.027638015,6.416946868999999,6.198581637,3.539392772,3.87389289,2.061257934,4.62552828,5.8817224910000006,2.875302229,6.238893199,4.332627554,3.38536649,2.961497263,4.56597092,4.461638283,4.814582303,4.509986831,4.632137175,5.321651561,5.008797511,6.55701835,6.685582287000001,2.155548122,5.578774883063476,5.093386864718,5.505474161411481,5.000443073715989,4.889888496979992,5.193168203736015,5.578774883063476,5.000443073715989,4.831101773098563,5.343367163285982,5.325629945261982,5.343367163285982,5.343367163285982,5.496394344953479,5.408897135013981,6.127286111000002,4.56597092,5.9702284379999995,5.187714825,4.632137175,5.191984625,6.127286111000002,5.187714825,4.443075213999999,5.265580808999999,5.265580808999999,5.265580808999999,5.265580808999999,5.8817224910000006,5.259135011000001
a/swine/illinois/a01493027/2014,11.58981241,10.01717283,6.05492861,5.570777347000001,10.53549875,7.45187052,7.590141922999999,3.421288618,8.618741767000001,4.949150878,5.108174805,1.4418736380000001,4.000722467,1.045942957,5.934843988,8.358868359,6.65861125,0.0,5.999946167999999,5.999983595,6.466664034,5.475605252,0.9834438590000001,4.02535244,6.328639745,6.257839161000001,8.552370595,1.367870931,3.449856964,7.684716009,8.230101591,9.044308233999999,5.0281407080000005,5.473836226,6.566578145,4.455396102,8.018494345,7.2037528239999995,8.168206039,4.0230165,7.282444867000001,7.292162527,3.3609066160000003,3.746724903,1.8412641140000001,8.672757336,5.717236388,3.812501257,5.215728399,8.177813893,2.812801173,5.547928281,2.5456509919999997,7.8291694320000005,7.684520056,7.6460162039999995,8.674033097,5.669342605,7.826763537000001,3.336671289,5.551678376,7.439804916,8.755916469,10.07054736,1.8429391730000002,3.3594899039999997,2.042436818,5.1082491569999995,5.31905542,3.596183992,3.5810206819999997,5.765888088,2.350428513,6.040064045,9.077840463,4.763230504,6.551106519,4.578559415,4.946458596,5.005835523,6.504897586,5.025686191,3.926239185,4.008400927,5.516432126000001,4.447342163,11.06025435,10.02346192,5.87218879,5.657745511794009,5.2804497304220055,5.6412405304820075,5.691605203775209,3.556364195678004,8.549085309348003,5.657745511794009,5.691605203775209,3.3671063758200064,5.592935831741201,5.571112961425201,5.592935831741201,5.592935831741201,5.480226319892008,5.40532937907921,5.3643492219999995,5.04354082,5.3643492219999995,5.590276857999999,3.3063337180000003,8.755916469,5.3643492219999995,5.590276857999999,3.2426132919999997,5.610509169,5.610509169,5.610509169,5.610509169,5.188861311,5.3643492219999995
a/swine/illinois/a01502036/2014,8.081310407,6.4396927360000005,5.8915872,5.502691706,6.947462849,5.543205716,5.528464546,4.059501573,6.6454194410000005,2.959020981,4.555156164,5.297086963,5.843077741,5.188268764,2.161782261,2.694394968,0.832804613,5.999946167999999,0.0,3.3290000610000003,6.406862854,6.580691927999999,5.504956963,6.092221315,6.418034102000001,3.6451304860000002,3.056995783,4.635753816999999,4.558121113,5.89911153,2.430874452,3.237670387,2.570344921,4.748352243,5.812635485,3.235257958,2.662315396,4.905879066000001,4.904354155,3.527670899,6.157331055,5.632872319,3.126879554,3.5615438839999998,4.782137317,2.8651494,5.558063167999999,5.20765432,5.083900282,2.926372906,5.869000045,5.754737887999999,5.751145032,4.442673257,6.449559082,5.802687175,2.843317727,5.003946549,4.943834869,6.473415269,6.194748281,6.351132407000001,4.364053377,5.672653401,5.911836348,4.979470899,4.5049880060000005,6.331394307,6.154901174,3.159832918,3.5332765839999998,1.4004932030000001,4.102837071000001,5.9702284379999995,3.2202172360000003,6.128609728,4.607655385,2.557470994,2.8299811910000003,4.543924575,4.707068799,4.738022306,4.2171930810000005,4.358605658,4.830008413,4.873220375,7.1375820270000006,6.923088086,1.477137833,5.542030021371488,5.072680218793999,5.521708121015482,4.9575612935619935,4.474257127997068,5.392645675185987,5.542030021371488,4.9575612935619935,4.496396171749068,5.229265962178001,5.279939195749996,5.229265962178001,5.229265962178001,5.473817266197486,5.353283012923992,5.9702284379999995,4.607655385,5.9702284379999995,5.079439833,4.184972384,5.477066027,5.9702284379999995,5.079439833,4.408889432,5.027638015,5.027638015,5.027638015,5.027638015,5.9702284379999995,5.083900282000001
a/swine/illinois/a01503899/2014,8.628529147,7.391805405,2.76959464,5.900747197,6.0048730070000005,2.6066688890000003,2.622813767,2.8563357999999996,3.487414602,1.72979626,1.7419815419999998,5.274609528,4.212009192,5.590276857999999,1.201269519,5.660663308999999,3.0875771739999998,5.999983595,3.3290000610000003,0.0,3.4821780639999997,3.748702278,6.036683766,3.884590896,3.645991576,0.357735542,4.883252105,4.843782784,3.202225991,2.911224942,4.837720023,5.9662690000000005,1.522697322,1.8775322819999998,2.537503852,2.167278042,5.079439833,1.9106408869999998,2.442849017,5.301793955,3.2322028119999997,2.4195708369999998,2.77659034,2.510042683,4.195774312,5.592035554,2.895124646,3.1400519780000002,2.217760073,4.2023992219999995,4.402599053,3.4058787839999995,4.641712684,1.851133546,3.165111858,2.7043061789999996,5.317928049,2.540356224,2.0271764340000002,4.710133365,3.6593854660000003,3.421128087,5.3650172430000005,6.048071727000001,5.523588361,6.367703907,4.01369896,3.8755512889999997,3.605001033,2.4809258130000003,2.6003770680000002,4.391479764,3.73828635,2.8708715939999996,5.785505446,3.53572294,1.363138955,5.067346013,1.8514168619999998,2.12524426,2.0115157519999998,2.970070205,3.286447734,3.323470299,6.279904482,2.582002836,6.398195202999999,7.222072602000001,4.608563452,2.805194108437997,3.706963756202,2.833942429092,3.3087831222700053,4.842411460943669,5.869074928197988,2.805194108437997,3.3087831222700053,4.84220323277167,2.6061194077515992,2.6418575422116004,2.6061194077515992,2.6061194077515992,2.7892461137439986,2.649569856248003,2.985540344,3.701529093,2.8708715939999996,2.914787089,4.449173068,5.933303745,2.985540344,2.914787089,4.4680349999999995,2.8708715939999996,2.8708715939999996,2.8708715939999996,2.8708715939999996,2.8708715939999996,2.582002836
